saved states are: 
 [[ 0.00000000e+00  0.00000000e+00  0.00000000e+00 ...  0.00000000e+00
   0.00000000e+00  0.00000000e+00]
 [ 2.88235611e-03  7.96508557e-26  1.74362069e-02 ... -3.26904750e-24
   1.18451944e-01  0.00000000e+00]
 [ 2.12022194e-02  5.13559333e-25  6.89318802e-02 ... -2.48785879e-24
   1.98971954e-01  0.00000000e+00]
 ...
 [-8.39107385e-01  5.39466846e-01  1.00006795e+00 ...  4.14888242e-04
   6.44927919e-04  0.00000000e+00]
 [-8.43741397e-01  5.32157463e-01  1.00006793e+00 ...  4.09270350e-04
   6.48491826e-04  0.00000000e+00]
 [-8.48311155e-01  5.24807554e-01  1.00006791e+00 ...  4.03621290e-04
   6.52006349e-04  0.00000000e+00]]
saved controls are: 
 [[-1.35252067e-23  4.74225392e-01  1.34126560e+01]
 [-1.12667578e-24  4.74225392e-01  1.34126560e+01]
 [ 9.23452245e-25  4.74225392e-01  1.34126560e+01]
 [ 8.42246662e-25  4.74225392e-01  1.34126560e+01]
 [ 1.46817608e-23 -6.75242180e-01  4.90330000e+00]
 [ 9.64784214e-24 -7.85398163e-01  5.56427877e+00]
 [ 4.51276399e-24 -7.41950226e-01  9.27640856e+00]
 [-5.30771617e-25 -3.09338469e-01  1.10462816e+01]
 [-1.67776160e-24  1.91098137e-02  1.07972083e+01]
 [-1.19832866e-24  1.87384121e-01  1.00546971e+01]
 [-1.10140645e-24  2.31993940e-01  9.65106721e+00]
 [-2.12157221e-24  1.99106430e-01  9.62766303e+00]
 [ 1.19572572e-25  1.31962609e-01  9.71031215e+00]
 [-4.80895484e-25  6.40535647e-02  9.74389203e+00]
 [-5.08519400e-25  1.21797284e-02  9.72892115e+00]
 [ 1.14042139e-24 -1.98684857e-02  9.70422992e+00]
 [-1.22876015e-24 -3.59229044e-02  9.69021771e+00]
 [ 6.17661928e-26 -4.21107833e-02  9.68843529e+00]
 [-9.30090669e-26 -4.21382650e-02  9.69657248e+00]
 [-5.40128898e-26 -3.88560478e-02  9.71252570e+00]
 [-5.76341935e-25 -3.38713595e-02  9.73175657e+00]
 [-5.38345945e-25 -2.81220342e-02  9.75011819e+00]
 [ 4.69981971e-26 -2.28948896e-02  9.76623959e+00]
 [ 3.73061107e-25 -1.88362346e-02  9.78037595e+00]
 [-1.33764291e-25 -1.59510149e-02  9.79296571e+00]
 [-2.28090848e-25 -1.39703684e-02  9.80431371e+00]
 [-1.50193551e-25 -1.25788483e-02  9.81459028e+00]
 [-1.10084226e-25 -1.15207818e-02  9.82389553e+00]
 [-7.28650098e-26 -1.06283900e-02  9.83230448e+00]
 [-4.71129394e-26 -9.81066855e-03  9.83988658e+00]
 [-4.19567463e-26 -9.02936481e-03  9.84671075e+00]
 [-4.66988814e-26 -8.27600324e-03  9.85284507e+00]
 [-9.24813259e-02 -1.32901264e-02  9.85833468e+00]
 [-4.32821477e-02 -1.01316127e-02  9.87179946e+00]
 [-1.37682792e-02 -7.86789348e-03  9.87069449e+00]
 [ 1.08556606e-03 -6.37784700e-03  9.87112909e+00]
 [ 6.72467125e-03 -5.44725708e-03  9.87403939e+00]
 [ 7.44227515e-03 -4.87019845e-03  9.87766924e+00]
 [ 6.07069769e-03 -4.49048732e-03  9.88102413e+00]
 [ 4.20589170e-03 -4.20727120e-03  9.88388921e+00]
 [ 2.58556530e-03 -3.96434778e-03  9.88633844e+00]
 [ 1.43910045e-03 -3.73562394e-03  9.88847422e+00]
 [ 7.43982139e-04 -3.51249867e-03  9.89036409e+00]
 [ 3.85126217e-04 -3.29490798e-03  9.89204782e+00]
 [ 2.38707648e-04 -3.08584964e-03  9.89355204e+00]
 [ 2.06793925e-04 -2.88852508e-03  9.89489781e+00]
 [ 2.24664386e-04 -2.70516769e-03  9.89610317e+00]
 [ 2.55787179e-04 -2.53680915e-03  9.89718372e+00]
 [ 2.83193355e-04 -2.38347444e-03  9.89815297e+00]
 [ 3.01495857e-04 -2.24450592e-03  9.89902266e+00]
 [ 3.11049921e-04 -2.11886688e-03  9.89980309e+00]
 [ 3.14328437e-04 -2.00536892e-03  9.90050341e+00]
 [ 3.14015834e-04 -1.90281727e-03  9.90113178e+00]
 [ 3.12220483e-04 -1.81008969e-03  9.90169554e+00]
 [ 3.10307627e-04 -1.72616981e-03  9.90220129e+00]
 [ 3.09012515e-04 -1.65015328e-03  9.90265497e+00]
 [ 3.08635250e-04 -1.58124018e-03  9.90306192e+00]
 [ 3.09221016e-04 -1.51872232e-03  9.90342694e+00]
 [ 3.10691750e-04 -1.46196986e-03  9.90375435e+00]
 [ 3.12927650e-04 -1.41041963e-03  9.90404803e+00]
 [ 3.15809788e-04 -1.36356559e-03  9.90431143e+00]
 [ 3.19237433e-04 -1.32095131e-03  9.90454769e+00]
 [ 3.23131368e-04 -1.28216414e-03  9.90475960e+00]
 [ 3.27430902e-04 -1.24683051e-03  9.90494966e+00]
 [ 3.32089083e-04 -1.21461211e-03  9.90512014e+00]
 [ 3.37068265e-04 -1.18520257e-03  9.90527304e+00]
 [ 3.42336813e-04 -1.15832453e-03  9.90541017e+00]
 [ 3.47866972e-04 -1.13372704e-03  9.90553317e+00]
 [ 3.53633638e-04 -1.11118313e-03  9.90564349e+00]
 [ 3.59613731e-04 -1.09048758e-03  9.90574243e+00]
 [ 3.65785896e-04 -1.07145494e-03  9.90583118e+00]
 [ 3.72130378e-04 -1.05391762e-03  9.90591077e+00]
 [ 3.78628945e-04 -1.03772424e-03  9.90598215e+00]
 [ 3.85264830e-04 -1.02273802e-03  9.90604617e+00]
 [ 3.92022648e-04 -1.00883547e-03  9.90610359e+00]
 [ 3.98888317e-04 -9.95905036e-04  9.90615509e+00]
 [ 4.05848955e-04 -9.83845983e-04  9.90620128e+00]
 [ 4.12892782e-04 -9.72567358e-04  9.90624270e+00]
 [ 4.20009028e-04 -9.61987040e-04  9.90627986e+00]
 [ 4.27187839e-04 -9.52030888e-04  9.90631318e+00]
 [ 4.34420195e-04 -9.42631973e-04  9.90634306e+00]
 [ 4.41697833e-04 -9.33729883e-04  9.90636987e+00]
 [ 4.49013179e-04 -9.25270093e-04  9.90639390e+00]
 [ 4.56359285e-04 -9.17203395e-04  9.90641546e+00]
 [ 4.63729774e-04 -9.09485388e-04  9.90643480e+00]
 [ 4.71118788e-04 -9.02076009e-04  9.90645214e+00]
 [ 4.78520941e-04 -8.94939116e-04  9.90646769e+00]
 [ 4.85931279e-04 -8.88042110e-04  9.90648164e+00]
 [ 4.93345239e-04 -8.81355587e-04  9.90649415e+00]
 [ 5.00758618e-04 -8.74853037e-04  9.90650537e+00]
 [ 5.08167537e-04 -8.68510556e-04  9.90651543e+00]
 [ 5.15568414e-04 -8.62306598e-04  9.90652446e+00]
 [ 5.22957941e-04 -8.56221747e-04  9.90653255e+00]
 [ 5.30333053e-04 -8.50238507e-04  9.90653981e+00]
 [ 5.37690912e-04 -8.44341121e-04  9.90654632e+00]
 [ 5.45028885e-04 -8.38515401e-04  9.90655216e+00]
 [ 5.52344527e-04 -8.32748572e-04  9.90655740e+00]
 [ 5.59635562e-04 -8.27029143e-04  9.90656209e+00]
 [ 5.66899871e-04 -8.21346776e-04  9.90656631e+00]
 [ 5.74135478e-04 -8.15692179e-04  9.90657008e+00]
 [ 5.81340533e-04 -8.10057001e-04  9.90657347e+00]
 [ 5.88513310e-04 -8.04433744e-04  9.90657651e+00]
 [ 5.95652186e-04 -7.98815680e-04  9.90657924e+00]
 [ 6.02755641e-04 -7.93196776e-04  9.90658168e+00]
 [ 6.09822242e-04 -7.87571625e-04  9.90658387e+00]
 [ 6.16850640e-04 -7.81935391e-04  9.90658584e+00]
 [ 6.23839563e-04 -7.76283747e-04  9.90658760e+00]
 [ 6.30787805e-04 -7.70612834e-04  9.90658918e+00]
 [ 6.37694227e-04 -7.64919207e-04  9.90659060e+00]
 [ 6.44557744e-04 -7.59199803e-04  9.90659187e+00]
 [ 6.51377328e-04 -7.53451898e-04  9.90659301e+00]
 [ 6.58151997e-04 -7.47673080e-04  9.90659404e+00]
 [ 6.64880814e-04 -7.41861215e-04  9.90659495e+00]
 [ 6.71562886e-04 -7.36014423e-04  9.90659578e+00]
 [ 6.78197355e-04 -7.30131049e-04  9.90659651e+00]
 [ 6.84783398e-04 -7.24209650e-04  9.90659718e+00]
 [ 6.91320225e-04 -7.18248967e-04  9.90659777e+00]
 [ 6.97807076e-04 -7.12247910e-04  9.90659830e+00]
 [ 7.04243216e-04 -7.06205543e-04  9.90659878e+00]
 [ 7.10627939e-04 -7.00121069e-04  9.90659921e+00]
 [ 7.16960560e-04 -6.93993815e-04  9.90659959e+00]
 [ 7.23240415e-04 -6.87823223e-04  9.90659993e+00]
 [ 7.29466863e-04 -6.81608839e-04  9.90660024e+00]
 [ 7.35639279e-04 -6.75350299e-04  9.90660052e+00]
 [ 7.41757057e-04 -6.69047326e-04  9.90660077e+00]
 [ 7.47819607e-04 -6.62699720e-04  9.90660099e+00]
 [ 7.53826355e-04 -6.56307350e-04  9.90660119e+00]
 [ 7.59776740e-04 -6.49870147e-04  9.90660137e+00]
 [ 7.65670215e-04 -6.43388102e-04  9.90660153e+00]
 [ 7.71506248e-04 -6.36861254e-04  9.90660167e+00]
 [ 7.77284315e-04 -6.30289695e-04  9.90660180e+00]
 [ 7.83003906e-04 -6.23673555e-04  9.90660192e+00]
 [ 7.88664521e-04 -6.17013005e-04  9.90660202e+00]
 [ 7.94265670e-04 -6.10308254e-04  9.90660211e+00]
 [ 7.99806875e-04 -6.03559540e-04  9.90660220e+00]
 [ 8.05287663e-04 -5.96767132e-04  9.90660227e+00]
 [ 8.10707575e-04 -5.89931328e-04  9.90660234e+00]
 [ 8.16066156e-04 -5.83052448e-04  9.90660240e+00]
 [ 8.21362962e-04 -5.76130836e-04  9.90660245e+00]
 [ 8.26597556e-04 -5.69166857e-04  9.90660250e+00]
 [ 8.31769510e-04 -5.62160894e-04  9.90660254e+00]
 [ 8.36878402e-04 -5.55113349e-04  9.90660258e+00]
 [ 8.41923818e-04 -5.48024639e-04  9.90660262e+00]
 [ 8.46905350e-04 -5.40895195e-04  9.90660265e+00]
 [ 8.51822598e-04 -5.33725464e-04  9.90660268e+00]
 [ 8.56675170e-04 -5.26515903e-04  9.90660270e+00]
 [ 8.61462678e-04 -5.19266982e-04  9.90660272e+00]
 [ 8.66184742e-04 -5.11979181e-04  9.90660274e+00]
 [ 8.70840988e-04 -5.04652992e-04  9.90660276e+00]
 [ 8.75431048e-04 -4.97288912e-04  9.90660278e+00]
 [ 8.79954561e-04 -4.89887451e-04  9.90660279e+00]
 [ 8.84411172e-04 -4.82449124e-04  9.90660280e+00]
 [ 8.88800531e-04 -4.74974456e-04  9.90660281e+00]
 [ 8.93122296e-04 -4.67463975e-04  9.90660282e+00]
 [ 8.97376128e-04 -4.59918220e-04  9.90660283e+00]
 [ 9.01561698e-04 -4.52337734e-04  9.90660284e+00]
 [ 9.05678678e-04 -4.44723065e-04  9.90660285e+00]
 [ 9.09726750e-04 -4.37074767e-04  9.90660285e+00]
 [ 9.13705599e-04 -4.29393399e-04  9.90660286e+00]
 [ 9.17614918e-04 -4.21679527e-04  9.90660286e+00]
 [ 9.21454404e-04 -4.13933717e-04  9.90660287e+00]
 [ 9.25223761e-04 -4.06156543e-04  9.90660287e+00]
 [ 9.28922697e-04 -3.98348582e-04  9.90660287e+00]
 [ 9.32550927e-04 -3.90510414e-04  9.90660288e+00]
 [ 9.36108173e-04 -3.82642624e-04  9.90660288e+00]
 [ 9.39594160e-04 -3.74745800e-04  9.90660288e+00]
 [ 9.43008620e-04 -3.66820532e-04  9.90660288e+00]
 [ 9.46351290e-04 -3.58867415e-04  9.90660289e+00]
 [ 9.49621915e-04 -3.50887046e-04  9.90660289e+00]
 [ 9.52820242e-04 -3.42880026e-04  9.90660289e+00]
 [ 9.55946027e-04 -3.34846957e-04  9.90660289e+00]
 [ 9.58999029e-04 -3.26788445e-04  9.90660289e+00]
 [ 9.61979015e-04 -3.18705098e-04  9.90660289e+00]
 [ 9.64885757e-04 -3.10597527e-04  9.90660289e+00]
 [ 9.67719031e-04 -3.02466345e-04  9.90660289e+00]
 [ 9.70478622e-04 -2.94312167e-04  9.90660289e+00]
 [ 9.73164317e-04 -2.86135609e-04  9.90660289e+00]
 [ 9.75775911e-04 -2.77937292e-04  9.90660289e+00]
 [ 9.78313206e-04 -2.69717837e-04  9.90660289e+00]
 [ 9.80776005e-04 -2.61477867e-04  9.90660289e+00]
 [ 9.83164122e-04 -2.53218007e-04  9.90660289e+00]
 [ 9.85477374e-04 -2.44938884e-04  9.90660289e+00]
 [ 9.87715583e-04 -2.36641126e-04  9.90660289e+00]
 [ 9.89878580e-04 -2.28325364e-04  9.90660289e+00]
 [ 9.91966199e-04 -2.19992229e-04  9.90660289e+00]
 [ 9.93978280e-04 -2.11642354e-04  9.90660289e+00]
 [ 9.95914670e-04 -2.03276374e-04  9.90660289e+00]
 [ 9.97775221e-04 -1.94894925e-04  9.90660289e+00]
 [ 9.99559790e-04 -1.86498644e-04  9.90660289e+00]
 [ 1.00126824e-03 -1.78088169e-04  9.90660289e+00]
 [ 1.00290045e-03 -1.69664140e-04  9.90660289e+00]
 [ 1.00445628e-03 -1.61227198e-04  9.90660289e+00]
 [ 1.00593562e-03 -1.52777985e-04  9.90660289e+00]
 [ 1.00733836e-03 -1.44317143e-04  9.90660289e+00]
 [ 1.00866439e-03 -1.35845316e-04  9.90660289e+00]
 [ 1.00991360e-03 -1.27363148e-04  9.90660289e+00]
 [ 1.01108591e-03 -1.18871286e-04  9.90660289e+00]
 [ 1.01218122e-03 -1.10370375e-04  9.90660288e+00]
 [ 1.01319945e-03 -1.01861063e-04  9.90660288e+00]
 [ 1.01414053e-03 -9.33439970e-05  9.90660288e+00]
 [ 1.01500437e-03 -8.48198252e-05  9.90660288e+00]
 [ 1.01579092e-03 -7.62891967e-05  9.90660288e+00]
 [ 1.01650011e-03 -6.77527609e-05  9.90660288e+00]
 [ 1.01713189e-03 -5.92111676e-05  9.90660288e+00]
 [ 1.01768622e-03 -5.06650670e-05  9.90660288e+00]
 [ 1.01816304e-03 -4.21151099e-05  9.90660288e+00]
 [ 1.01856233e-03 -3.35619470e-05  9.90660288e+00]
 [ 1.01888405e-03 -2.50062298e-05  9.90660288e+00]
 [ 1.01912818e-03 -1.64486094e-05  9.90660288e+00]
 [ 1.01929470e-03 -7.88973766e-06  9.90660288e+00]
 [ 1.01938360e-03  6.69733918e-07  9.90660288e+00]
 [ 1.01939487e-03  9.22915356e-06  9.90660288e+00]
 [ 1.01932851e-03  1.77878695e-05  9.90660288e+00]
 [ 1.01918452e-03  2.63452301e-05  9.90660288e+00]
 [ 1.01896292e-03  3.49005837e-05  9.90660287e+00]
 [ 1.01866372e-03  4.34532788e-05  9.90660287e+00]
 [ 1.01828694e-03  5.20026643e-05  9.90660287e+00]
 [ 1.01783262e-03  6.05480890e-05  9.90660287e+00]
 [ 1.01730078e-03  6.90889023e-05  9.90660287e+00]
 [ 1.01669148e-03  7.76244539e-05  9.90660287e+00]
 [ 1.01600475e-03  8.61540936e-05  9.90660287e+00]
 [ 1.01524065e-03  9.46771720e-05  9.90660287e+00]
 [ 1.01439923e-03  1.03193040e-04  9.90660287e+00]
 [ 1.01348056e-03  1.11701049e-04  9.90660287e+00]
 [ 1.01248472e-03  1.20200552e-04  9.90660287e+00]
 [ 1.01141177e-03  1.28690901e-04  9.90660287e+00]
 [ 1.01026179e-03  1.37171449e-04  9.90660287e+00]
 [ 1.00903488e-03  1.45641550e-04  9.90660287e+00]
 [ 1.00773113e-03  1.54100561e-04  9.90660287e+00]
 [ 1.00635064e-03  1.62547836e-04  9.90660287e+00]
 [ 1.00489350e-03  1.70982732e-04  9.90660287e+00]
 [ 1.00335985e-03  1.79404607e-04  9.90660287e+00]
 [ 1.00174978e-03  1.87812819e-04  9.90660287e+00]
 [ 1.00006342e-03  1.96206729e-04  9.90660287e+00]
 [ 9.98300910e-04  2.04585697e-04  9.90660286e+00]
 [ 9.96462372e-04  2.12949085e-04  9.90660286e+00]
 [ 9.94547950e-04  2.21296255e-04  9.90660286e+00]
 [ 9.92557789e-04  2.29626573e-04  9.90660286e+00]
 [ 9.90492041e-04  2.37939404e-04  9.90660286e+00]
 [ 9.88350863e-04  2.46234115e-04  9.90660286e+00]
 [ 9.86134418e-04  2.54510075e-04  9.90660286e+00]
 [ 9.83842876e-04  2.62766652e-04  9.90660286e+00]
 [ 9.81476410e-04  2.71003219e-04  9.90660286e+00]
 [ 9.79035200e-04  2.79219147e-04  9.90660286e+00]
 [ 9.76519434e-04  2.87413812e-04  9.90660286e+00]
 [ 9.73929301e-04  2.95586589e-04  9.90660286e+00]
 [ 9.71265001e-04  3.03736856e-04  9.90660286e+00]
 [ 9.68526734e-04  3.11863993e-04  9.90660286e+00]
 [ 9.65714711e-04  3.19967379e-04  9.90660286e+00]
 [ 9.62829145e-04  3.28046399e-04  9.90660286e+00]
 [ 9.59870255e-04  3.36100437e-04  9.90660286e+00]
 [ 9.56838268e-04  3.44128879e-04  9.90660286e+00]
 [ 9.53733414e-04  3.52131115e-04  9.90660286e+00]
 [ 9.50555929e-04  3.60106534e-04  9.90660286e+00]
 [ 9.47306056e-04  3.68054530e-04  9.90660286e+00]
 [ 9.43984042e-04  3.75974497e-04  9.90660286e+00]
 [ 9.40590139e-04  3.83865833e-04  9.90660286e+00]
 [ 9.37124608e-04  3.91727935e-04  9.90660286e+00]
 [ 9.33587710e-04  3.99560206e-04  9.90660286e+00]
 [ 9.29979716e-04  4.07362048e-04  9.90660286e+00]
 [ 9.26300901e-04  4.15132869e-04  9.90660286e+00]
 [ 9.22551544e-04  4.22872075e-04  9.90660286e+00]
 [ 9.18731932e-04  4.30579078e-04  9.90660286e+00]
 [ 9.14842354e-04  4.38253291e-04  9.90660286e+00]
 [ 9.10883108e-04  4.45894129e-04  9.90660286e+00]
 [ 9.06854494e-04  4.53501010e-04  9.90660286e+00]
 [ 9.02756820e-04  4.61073356e-04  9.90660286e+00]
 [ 8.98590397e-04  4.68610589e-04  9.90660286e+00]
 [ 8.94355543e-04  4.76112136e-04  9.90660286e+00]
 [ 8.90052581e-04  4.83577424e-04  9.90660286e+00]
 [ 8.85681838e-04  4.91005887e-04  9.90660286e+00]
 [ 8.81243646e-04  4.98396957e-04  9.90660286e+00]
 [ 8.76738345e-04  5.05750073e-04  9.90660286e+00]
 [ 8.72166276e-04  5.13064673e-04  9.90660286e+00]
 [ 8.67527789e-04  5.20340202e-04  9.90660286e+00]
 [ 8.62823236e-04  5.27576105e-04  9.90660286e+00]
 [ 8.58052976e-04  5.34771831e-04  9.90660286e+00]
 [ 8.53217372e-04  5.41926832e-04  9.90660286e+00]
 [ 8.48316791e-04  5.49040563e-04  9.90660286e+00]
 [ 8.43351609e-04  5.56112482e-04  9.90660286e+00]
 [ 8.38322201e-04  5.63142052e-04  9.90660286e+00]
 [ 8.33228953e-04  5.70128735e-04  9.90660286e+00]
 [ 8.28072250e-04  5.77072002e-04  9.90660286e+00]
 [ 8.22852487e-04  5.83971322e-04  9.90660286e+00]
 [ 8.17570061e-04  5.90826170e-04  9.90660286e+00]
 [ 8.12225373e-04  5.97636025e-04  9.90660286e+00]
 [ 8.06818831e-04  6.04400367e-04  9.90660286e+00]
 [ 8.01350847e-04  6.11118682e-04  9.90660286e+00]
 [ 7.95821837e-04  6.17790458e-04  9.90660286e+00]
 [ 7.90232222e-04  6.24415186e-04  9.90660286e+00]
 [ 7.84582427e-04  6.30992363e-04  9.90660286e+00]
 [ 7.78872884e-04  6.37521488e-04  9.90660286e+00]
 [ 7.73104027e-04  6.44002063e-04  9.90660286e+00]
 [ 7.67276294e-04  6.50433594e-04  9.90660286e+00]
 [ 7.61390131e-04  6.56815592e-04  9.90660286e+00]
 [ 7.55445985e-04  6.63147572e-04  9.90660286e+00]
 [ 7.49444309e-04  6.69429050e-04  9.90660286e+00]
 [ 7.43385559e-04  6.75659548e-04  9.90660286e+00]
 [ 7.37270198e-04  6.81838592e-04  9.90660286e+00]
 [ 7.31098691e-04  6.87965712e-04  9.90660286e+00]
 [ 7.24871508e-04  6.94040440e-04  9.90660286e+00]
 [ 7.18589123e-04  7.00062315e-04  9.90660286e+00]
 [ 7.12252015e-04  7.06030877e-04  9.90660286e+00]
 [ 7.05860666e-04  7.11945672e-04  9.90660286e+00]
 [ 6.99415564e-04  7.17806250e-04  9.90660286e+00]
 [ 6.92917198e-04  7.23612163e-04  9.90660286e+00]
 [ 6.86366063e-04  7.29362971e-04  9.90660286e+00]
 [ 6.79762659e-04  7.35058235e-04  9.90660286e+00]
 [ 6.73107489e-04  7.40697522e-04  9.90660286e+00]
 [ 6.66401059e-04  7.46280402e-04  9.90660286e+00]
 [ 6.59643880e-04  7.51806449e-04  9.90660286e+00]
 [ 6.52836466e-04  7.57275243e-04  9.90660287e+00]
 [ 6.45979337e-04  7.62686368e-04  9.90660287e+00]
 [ 6.39073014e-04  7.68039412e-04  9.90660287e+00]
 [ 6.32118022e-04  7.73333966e-04  9.90660287e+00]
 [ 6.25114893e-04  7.78569628e-04  9.90660287e+00]
 [ 6.18064159e-04  7.83745999e-04  9.90660287e+00]
 [ 6.10966356e-04  7.88862684e-04  9.90660287e+00]
 [ 6.03822026e-04  7.93919295e-04  9.90660287e+00]
 [ 5.96631713e-04  7.98915445e-04  9.90660287e+00]
 [ 5.89395964e-04  8.03850755e-04  9.90660287e+00]
 [ 5.82115331e-04  8.08724849e-04  9.90660287e+00]
 [ 5.74790367e-04  8.13537355e-04  9.90660287e+00]
 [ 5.67421630e-04  8.18287907e-04  9.90660287e+00]
 [ 5.60009682e-04  8.22976143e-04  9.90660287e+00]
 [ 5.52555087e-04  8.27601706e-04  9.90660287e+00]
 [ 5.45058413e-04  8.32164244e-04  9.90660287e+00]
 [ 5.37520231e-04  8.36663410e-04  9.90660287e+00]
 [ 5.29941115e-04  8.41098861e-04  9.90660287e+00]
 [ 5.22321641e-04  8.45470258e-04  9.90660287e+00]
 [ 5.14662391e-04  8.49777270e-04  9.90660287e+00]]
